5 0.567037 0.065741 0.118519 0.120370
5 0.563333 0.934259 0.122222 0.120370
1 0.248518 0.812963 0.488889 0.114815
1 0.810556 0.815741 0.372222 0.116667
1 0.738333 0.194444 0.487037 0.122222
1 0.180000 0.190741 0.359259 0.122222
0 0.314259 0.065741 0.124074 0.120370
0 0.694815 0.067593 0.133333 0.124074
0 0.687407 0.941667 0.114815 0.116667
0 0.315185 0.941667 0.118519 0.105556
4 0.437407 0.936111 0.096296 0.116667
4 0.437407 0.444444 0.111111 0.129630
2 0.309630 0.314815 0.111111 0.111111
2 0.309630 0.687963 0.122222 0.124074
2 0.814259 0.944444 0.112963 0.111111
2 0.819815 0.062963 0.109259 0.118519
3 0.941111 0.060185 0.114815 0.116667
3 0.063333 0.060185 0.118519 0.120370
3 0.069815 0.940741 0.120370 0.118519
3 0.938333 0.942593 0.116667 0.114815
