5 0.561481 0.062963 0.122222 0.118519
5 0.564259 0.937963 0.124074 0.105556
1 0.191111 0.187037 0.362963 0.122222
1 0.751296 0.190741 0.487037 0.107407
1 0.805926 0.812963 0.362963 0.114815
1 0.247593 0.812037 0.487037 0.116667
3 0.065185 0.061111 0.122222 0.114815
3 0.933704 0.064815 0.118519 0.118519
3 0.937407 0.940741 0.111111 0.118519
3 0.061296 0.941667 0.122593 0.116667
0 0.312407 0.062963 0.098148 0.118519
0 0.695741 0.059259 0.109259 0.118519
0 0.688333 0.931481 0.105556 0.107407
0 0.314259 0.933333 0.105556 0.111111
2 0.438333 0.437037 0.109259 0.118519
2 0.306852 0.312037 0.112963 0.120370
2 0.809630 0.065741 0.100000 0.116667
2 0.800370 0.935185 0.114815 0.111111
4 0.431852 0.938889 0.111111 0.118519
