5 0.562407 0.064815 0.124074 0.122222
1 0.252222 0.815741 0.481481 0.116667
1 0.813148 0.813889 0.373704 0.116667
1 0.745741 0.188889 0.475926 0.122222
1 0.128148 0.184259 0.240741 0.124074
0 0.317963 0.063889 0.109259 0.120370
0 0.691111 0.065741 0.103704 0.124074
0 0.690185 0.937963 0.112963 0.109259
0 0.310556 0.936111 0.116667 0.112963
2 0.821667 0.936111 0.112963 0.112963
2 0.313333 0.259259 0.122222 0.251852
2 0.692037 0.314815 0.135185 0.125926
3 0.935556 0.063889 0.125926 0.124074
3 0.061481 0.061111 0.114815 0.114815
3 0.059630 0.938889 0.114815 0.114815
3 0.938333 0.944444 0.105556 0.107407
4 0.440185 0.941667 0.127778 0.116667
5 0.560556 0.937037 0.105556 0.122222
