1 0.502037 0.191667 0.995926 0.124074
1 0.502963 0.813889 0.994074 0.120370
2 0.187407 0.059259 0.107407 0.114815
2 0.814259 0.062963 0.098148 0.125926
2 0.813333 0.937037 0.107407 0.103704
2 0.192963 0.934259 0.118519 0.112963
0 0.306852 0.063889 0.109259 0.112963
0 0.681852 0.062963 0.111111 0.122222
0 0.689259 0.940741 0.111111 0.118519
0 0.311481 0.938889 0.111111 0.118519
3 0.935556 0.063889 0.111111 0.112963
3 0.936481 0.936111 0.112963 0.109259
3 0.056852 0.939815 0.105556 0.105556
3 0.055000 0.061111 0.105556 0.114815
4 0.434630 0.063889 0.124074 0.112963
4 0.440185 0.939815 0.131481 0.112963
