5 0.566111 0.061111 0.116667 0.122222
1 0.251296 0.813889 0.494444 0.116667
1 0.809630 0.814815 0.374074 0.118519
1 0.746667 0.189815 0.503704 0.127778
1 0.194815 0.193519 0.348148 0.120370
3 0.059444 0.062963 0.118889 0.122222
3 0.938333 0.065741 0.116667 0.120370
3 0.940185 0.937963 0.116667 0.120370
3 0.066111 0.938889 0.112963 0.114815
4 0.435556 0.940741 0.107407 0.103704
5 0.563333 0.936111 0.111111 0.112963
2 0.817037 0.937963 0.100000 0.112963
2 0.434630 0.437037 0.116667 0.118519
2 0.685556 0.312963 0.118519 0.114815
2 0.312407 0.318519 0.112963 0.122222
0 0.687407 0.064815 0.114815 0.118519
0 0.314259 0.060185 0.124074 0.120370
0 0.308704 0.934259 0.109259 0.120370
0 0.691111 0.941667 0.100000 0.116667
