5 0.433704 0.062963 0.122222 0.125926
1 0.123333 0.193519 0.246667 0.124074
1 0.747593 0.191667 0.483333 0.120370
1 0.874444 0.813889 0.244444 0.116667
1 0.251296 0.815741 0.479630 0.105556
2 0.065185 0.062037 0.118519 0.109259
2 0.309630 0.309259 0.122222 0.129630
2 0.808704 0.934259 0.112963 0.116667
0 0.690185 0.065741 0.127778 0.116667
0 0.684630 0.938889 0.094444 0.107407
0 0.311481 0.937963 0.125926 0.112963
0 0.567037 0.565741 0.118519 0.127778
3 0.940000 0.059259 0.120000 0.118519
3 0.938333 0.940741 0.116667 0.118519
3 0.063333 0.940741 0.118519 0.118519
5 0.561481 0.934259 0.103704 0.120370
4 0.439259 0.938889 0.111111 0.118519
